"Date","Playstation","Xbox","Nintendo"
2018-01,60.97,32.97,6.06
2018-02,63.4,31.04,5.56
2018-03,64.44,30.34,5.22
2018-04,65.3,29.27,5.43
2018-05,60.89,34.03,5.08
2018-06,60.17,34.83,5
2018-07,63.06,32.01,4.94
2018-08,67.5,28.14,4.36
2018-09,62.39,32.68,4.93
2018-10,61,34.56,4.44
2018-11,58.31,35.8,5.89
2018-12,59.88,35.9,4.22
