"Date","Playstation","Xbox","Nintendo","Other"
2018-01,57.31,41.18,1.51,0
2018-02,64.97,33.86,1.17,0
2018-03,67.57,31.28,1.15,0
2018-04,67.02,31.79,1.19,0
2018-05,64.97,33.91,1.12,0
2018-06,64.06,34.37,1.57,0
2018-07,63.79,35.05,1.17,0
2018-08,67.31,31.63,1.06,0
2018-09,69.36,29.41,1.23,0
2018-10,64.07,35.02,0.92,0
2018-11,60.95,38.25,0.8,0
2018-12,61.73,37.48,0.79,0
