"Date","Playstation","Xbox","Nintendo"
2018-01,82.95,12.78,4.27
2018-02,85.59,10.85,3.56
2018-03,85.54,7.8,6.65
2018-04,88.31,4.83,6.85
2018-05,91.74,3.68,4.58
2018-06,90.96,4.68,4.35
2018-07,88.29,6.11,5.6
2018-08,91.73,5.53,2.74
2018-09,92.08,3.88,4.04
2018-10,87.97,7.97,4.06
2018-11,84.02,10.75,5.22
2018-12,83.61,10.94,5.45
